
注释     

成员

-------------------------------------------------------------------------------
000252                   000285                   000735                   
001364                   001645                   004255                   
004391                   004393                   004769                   
005703                   006000                   006015                   
006281                   006673                   006690                   
006982                   007105                   007305                   
007545                   008717                   009249                   
010028                   010357                   010559                   
010785                   010911                   011342                   
011454                   011796                   012498                   
012605                   012699                   013329                   
              
命令成功完成。

